cam_model: Pinhole
cam_width: 752
cam_height: 480
cam_fx: 357.77341636441826722
cam_fy: 358.22830460728204116
cam_cx: 396.35636517871080287
cam_cy: 249.02802206835875154
cam_d0: -0.28849480567934699
cam_d1: 0.06557692100207448
cam_d2: 0.00058043720553085
cam_d3: 0.00017708338176132
